0.45876401852514176
-1.1812339424240976
0.1848253584749231
-0.8802679204259629
1.1181769377334532
-0.3334032985669559
-0.5860337366529346
-0.5544622412519744
0.5408834787639305
-2.227684843571932
0.8106057561912088
0.7493275486047469
0.785116796242369
-1.094959467231991
0.6901252101050933
-0.0988419062740649
-0.41486824322784943
-0.08722557667983794
-0.05634848996293457
1.7263149213380096
-0.1760100517183014
0.18049651903607514
-0.6903453297599947
-0.4138600935666868
0.6678714712089995
-1.4254806357546237
0.8938789470068573
-0.4824259517918364
1.0299043981867646
-0.8213959475120426
0.5137403441308964
0.10504183415130838
-0.1386996298596571
0.017133093520834242
-1.5680562129619324
-0.6497241281505219
1.1274053635323795
-1.4487697880720112
-0.6767033153090728
-1.6490153320157042
1.60589644664689
-0.7306253828034849
-0.05242871248499197
-2.0487910717529854
0.35260241235922307
0.9041767050017584
-0.6660398632004644
-1.906143319177703
-0.8009927717143905
-0.3083214812980175
-0.38129631860066243
1.3438091064798134
0.01197387085282082
-0.20804697890321155
-0.13957788505896626
-0.6464673457065588
1.1961234636326292
-0.16676527208813743
-1.1546497468541055
0.6375903570232665
0.20142137426911372
0.0568893423333325
1.9424999807158567
-0.10561277157425278
-0.5286216633929485
-0.4462533637690776
-0.444479667591257
0.4221081890410321
0.7008468396369497
1.483623438587861
0.32847018976900927
-0.3934667866642482
0.4445000062331096
0.18146978254433488
0.37816386311937167
-0.33290014515062005
-1.4238615979892426
1.0063697474018687
2.122859965015581
-0.7687771033995036
0.08265173455477737
-0.83175237469918
0.47550037589323196
-0.9614799201536649
-0.9047983824996243
-0.15934999616298415
0.2833870068680811
1.7994467321367336
0.44603641032540464
2.1759557367498563
-0.2886210239936655
1.249458014944356
0.3685153231905407
1.0640675284454897
2.215723219795545
0.7319418728498809
1.0338878806801708
-0.03594097605476433
0.36482666893065935
-0.9513660956931457
