0.748555311355086
-0.08818086347789489
0.25851159820888914
0.38106033095935704
-0.9372216840523794
0.9277285858410099
0.6679930567503354
-0.03848323010745597
0.23554081344422498
-1.364363345148924
-1.1779323253654614
0.5953591678858228
-1.335595287458714
-1.3658652511263236
0.282850325816849
-1.8968225125499885
0.9947195243170524
1.1827007810767813
0.31764479325519324
0.4744283694392279
-0.6119800206930778
-0.13841276262874497
-0.18293784970062937
1.3157105065559396
0.03901858554120353
-0.21945316504125675
1.4968030988340886
-0.17423537038894704
-0.8416932669876689
-1.378337088141989
-0.6609296112756968
-0.09454340093793664
0.03794364076963424
-1.3016153232772993
-0.6280872021392675
0.29173393178228224
0.14416156990248202
-1.6185006031610714
-0.2295984519377961
-0.7151360921101405
-0.1705032407207137
-0.6032283476429687
-0.3532646371183939
-1.2161273783999222
-1.2574971357261082
-2.5414218843112972
0.11321908980834926
-0.15700411208585033
-1.249207789330199
0.507075625391452
-0.6665571493221746
-0.40317027397112315
1.3918102489769346
0.917587421503372
-0.0639340133554734
-1.2197473920516815
-0.09030706243162073
1.177924821560275
0.7148654634350162
-0.08847722864063234
-0.078312146498556
0.04920932697247488
0.5923257606227222
0.07201946660949997
0.23934011823333615
1.5011758144528882
0.6814715407731134
1.328110146756778
-0.5293149452208539
0.4119719655167266
0.37486012257633444
-1.4985435802427143
-1.0989007176063124
2.196983407638711
0.42492095991878204
0.020711898929805215
-0.3397840782698082
0.17454290064202918
-1.0469807232341222
-0.33736792924162107
0.776734202429822
-1.101886155581991
0.5274147844965608
-0.46409288259974907
-1.2455499282184102
-0.2186672625081129
0.25564310396255996
-0.38275121423343844
0.5925271937968435
-0.5793308303255069
1.869317772000855
0.8213705275575247
0.5847233783430039
0.04714148714673903
-0.0948402918798953
-0.05450111648024171
1.715334701786157
1.1291009943827504
1.1142234465213727
-1.6574591760625477
