-0.025504087946604977
-1.0456150479663568
0.2970984237953149
1.158109154283061
-0.7081788495535913
-0.6871572413240189
0.32470780688625556
0.07367641287374269
-1.7061684050649186
-1.3514629240566227
0.4010186558355188
-1.662361629357734
-0.8223219663219808
0.2900923010804527
1.0807260846362206
-0.02128868275179709
0.12238498506206673
-0.25373292415256427
-0.7704005778887403
0.780457842265154
-1.0032776379158184
-1.7182913622063776
-1.0137189502800161
-0.15679497979299406
0.3035536112071709
-1.510093088964269
0.0952506173025816
-0.546513213927423
-2.022646691023036
-0.46402525171259085
2.351757369746419
0.5413835779875746
-0.246398105988686
0.42382450627302515
-0.9856488987497202
-2.581938433818657
-1.2259511041273474
-0.38659601548641825
0.024046527461692054
-0.25225406455438965
0.5638514921095891
-1.6441466786491268
-1.479911843804103
0.273722696101648
-0.8527412950506056
0.055437288667600455
0.0321872693030795
-0.8683121987001136
0.5223791212278937
-0.8922809890213048
-1.152525275997227
0.7440560328594855
-1.8740362259467975
-0.04886305090859196
0.3311614971017529
0.3512832571941655
-0.40652609741437284
1.5265252698110547
-0.6361299398178746
0.5278448683404574
-1.4735624226157842
-0.5745500451428501
-1.3921883628110987
-0.5679317940373001
-0.9440513803925534
-0.4096925408280721
-1.589293093309334
-0.5096580098625415
-0.015021469573574718
0.05233995902834562
0.6070024016623111
-1.9706181709912747
0.5811302660319384
1.1341209467596407
-0.15657505891324208
-1.2127711827198877
0.23149314667966892
0.8766785029742274
-0.1938282012337312
1.1750476569119257
0.2265582449869681
-0.09149497874382483
-0.9417508428224934
-0.3706905671713124
-0.15601907983205876
-1.1103998917640834
1.0303835492853668
1.8039183431473427
-0.5787713134048745
0.19496702510546102
0.12911656403556368
0.4055089197097743
-2.334473465380629
-0.3117722641325541
1.9136943690548667
-1.3564987721170803
-2.413461037440633
1.1244752312491124
0.7069891602083926
0.25263358425641924
