0.02159102193849301
1.072353120815079
-1.1281147529462445
0.385352229755395
0.4214696777047199
-0.09567876258335467
-1.8484666316149587
0.08429292273331596
-0.48419398641591305
-0.7572588067147074
-0.9963468171062083
-0.37773242126086126
-1.4530666639221164
0.2238279549229601
-1.8881486076311544
-0.5681761886416424
0.8253899263319079
-1.1558262377906263
0.9000662982483322
0.7828017003682897
-0.19897025618955078
1.6805864871976712
0.540790367439847
2.64215310086973
-0.5743163935077663
-0.3350205621968636
1.5848695092211216
-1.5580855108289529
-1.0882863081564074
-0.7767225390657521
-1.932426243501714
-0.06638613969106759
1.5283607699392094
1.1489616050806344
-0.3532568949482795
1.6861749670546338
-0.8786294485961323
-1.039698414169511
1.3279444008508443
-0.18088371392439956
1.1747773988952264
1.917871294699035
-0.5502998032269801
1.287953876545687
1.8689244285482658
0.387565451755561
2.3724819749718185
0.09419858110455889
-0.8440048986858939
0.166550777711006
-0.9036198350700242
1.0549966412229292
1.6324524932418694
-0.25804192372760504
-1.2993553804291256
-2.226339840631829
0.44544408635033544
-0.5590465886808776
0.5045640945605229
-2.0345909209846345
0.6566172116604814
0.5751761585359192
-0.34822411357946975
1.555805483850795
-1.2506229706394492
-0.269964818191484
-0.08095155233777862
-0.9326257175643649
0.040201120115115604
1.694085974460996
-0.5617261235704597
-0.6616543122892907
1.2907659448233881
-1.0851094561181969
1.3102564820976093
1.4033286832483631
-1.166627277797285
0.05197544607178367
-0.6745508320548229
-0.5171193385777325
-1.5814373118225495
1.5466251203698544
1.0281917645113017
-0.7958470760676214
0.9923108872812146
1.247288726650105
0.5707319234600543
-0.40996331157806143
0.7327373157571736
0.2060313044990516
0.2504984283069941
0.1314732127801221
0.3342527589930799
-1.2183146381029224
-0.288353240367196
0.8912907217015597
-1.309377464722849
-1.312610104504021
-0.01079411097410477
-0.9832182200269544
