1.3219284304412005
0.9555296104873872
2.597426651976469
-1.0275079693225073
0.3646570901711219
-0.038082155273027496
2.4932880294315
0.4095771764043856
-1.0073801252004497
1.8218536253117206
1.1904830261745187
-1.2744186745918438
1.1852309737745808
0.8010225924839152
1.5052218174178769
0.6499699010181533
-1.2188136287686018
0.7695103247554067
-0.25925308636257804
2.092457492087306
1.1872981918391075
1.4420996093361507
-0.0299697821653776
0.5686730386193936
1.7287138278491387
-0.4077345274147156
1.720293057689973
-0.3143198251596949
0.39969156849744086
0.09799385806693922
1.2940296552278792
1.467283411246985
2.553139695786256
0.38501484635800676
-0.8549313837489358
1.1062677644245231
-0.7438200191114324
1.2066272738403816
1.5492386401750717
-2.858001188021483
-1.4148400561042922
-0.7151604981442972
-0.7813918577641614
0.05676770815919291
-0.7278794219017994
2.624798093945202
1.412129194371971
1.3818998223486427
1.3970626627317844
1.3550754578782813
0.9536917286535236
0.36691933694146356
0.8101785660676131
-1.7606937121424382
-0.09505171340512386
1.7641659227304185
1.8143428205306114
1.2225811915964442
2.0488747842709953
1.5735708040968972
-0.07477222554668772
1.574327649633039
0.7175469917207531
0.31266756568569926
1.3182566778661737
2.051383035904796
0.5879826621138384
1.1258284899953663
1.3188445868818808
-1.2463973195300198
-0.3806769131583406
1.2911322879975997
0.7190756172645346
2.0972958814209552
-2.0767487664843745
0.44341966332536714
-1.2230159371681333
1.1128071663545205
0.8333364591248119
-0.5368859097811058
1.9826785056720857
0.0259646120020795
-0.9694722884739582
-0.5295277863899754
0.10830992970500158
0.46104147374113696
0.7488134877406556
0.7831670926360688
0.16596650163208104
0.575177537769226
0.28970885578342515
0.6800629764020589
-0.5079952123107798
0.5610640627933197
1.2475265279549173
0.23113309365386336
0.3969994715547742
2.5740687559313415
0.4592631475855011
-0.34396279864698365
