3.893380712366659
1.3112151653050066
1.7335970031563404
-0.2549237806964426
2.572268553717377
0.3934484991860705
2.275266003599297
2.6910637967815463
-0.11458042612364339
-0.6326270972326149
-0.13183483679512098
1.1820513811606068
0.14693333386467855
1.0192123845741847
0.47923813976999463
1.1889345485831668
0.8223563222673779
-0.006135685967413984
3.1142207582470065
1.0527947050621709
-0.14495211710669764
0.10812076094202883
-1.1800112030467225
0.5433752132524072
1.8947050922489888
2.4604499293171522
1.2978836530169184
0.4117371528180823
0.44394255634547164
0.5072254321351193
0.948864057943004
1.6432391852122863
-0.11459224980203975
0.9516784039217911
1.5735005623189822
1.747901237088419
-0.08993550048609378
0.061707409454855755
1.6195876182769984
1.136153261738355
0.024378062249847732
1.1507264660158367
2.208401084946108
0.7791029036164336
0.19791585232349562
-0.526932827396873
2.0192302791033185
1.3763673967293466
1.0232228481896806
0.018016726008199924
0.40372455132051976
0.9979379641048712
-0.826045526706529
0.5537149049589604
-0.7717621651557638
1.3994657112751905
0.7122672391873621
-0.15799518609210095
0.1638649867317482
0.16497090025991323
3.531000528245404
0.34242011836421027
3.2743240098814566
0.7642380944370748
0.9348182708667386
1.1983242371488378
1.5338258563055702
-0.025657545183700226
0.6666751265920123
0.9922561521319772
1.6773187947350925
1.3329250300237239
1.3188466627034447
1.8747872773784975
3.930320669818946
-0.39609543554078064
0.18678866434937857
1.737456083046481
1.1478671874356974
0.2754464993993996
1.7501832375718622
-1.2648458208372912
-1.6357629739764845
1.346602914400388
1.746453693581184
0.9689156669382911
2.130276861224792
-1.2658531663336285
0.14331513941486906
2.091542533189252
2.2942951647411824
1.4441549291949607
1.6578042645919777
-0.09390092152485585
0.16934568072801004
1.1744291642300568
-1.0138377257883717
0.4460076502770368
0.47604280472407023
2.4616193124337684
