0.781210012845527
-1.1517443955683793
-1.68397061268615
1.205320766988665
-1.6000422614539738
-0.4002031763055454
0.26955659748287897
-1.6844405222710057
-0.9995609769750357
-0.23351396729749213
-0.5311502120255123
0.966903687756153
-1.6504361330348187
0.21625307885808265
0.9771332537992832
-0.7055137285042916
-0.538864259095063
-2.488757788625934
-0.45542469208335234
-0.265733417118171
0.9137039668902509
-1.2162366355454037
-1.3802356418598882
-0.028350851591298687
0.4812402026441176
-1.6582348001190126
-2.7115811033434865
-0.046129722422077524
-2.0775295899182398
-2.0819129893856365
-0.1533049576115984
1.0780943875729019
0.08666875458427625
-1.1707388820541245
-0.6930090056329998
-1.3080001691830114
-1.7999645048161304
-0.23679184742676473
-0.002397140650033047
-1.896689330091622
-2.525118224395962
0.6735251155735968
-0.95926078624159
-1.2498733097875179
-1.3785235252528767
-0.5310307644939127
-1.671573272430102
-1.1310348525198182
-0.24774571998863826
1.0133904920339087
-0.08670413171933539
-1.4006827909402446
-0.38681412572799995
-0.06472597099367355
-0.17607519468672556
-0.7381606184930329
0.5167883395824486
-1.045677678140267
-1.8855730528129426
-0.5635076035561981
-0.394985691287677
0.06848230359438234
-0.9145809188627068
1.2075743724045114
0.7367192253119721
-0.27517417246828313
0.43404478445775585
-0.5911336870967139
0.16412309654549873
-1.0743146029399895
-0.5123854010734932
-0.7173013549215709
-1.245342629389105
-0.8760672316770589
0.5330697306184811
0.028927346866175707
-1.788321561005042
1.9257522419140543
-0.11107085193126681
-0.44718587142510485
-1.8817989865887872
-2.741806487886832
1.7384927587644459
-0.7983634168287329
-0.5910338093017653
-1.1565807846753258
0.40699930834945564
-0.9324568171147853
0.382782917821629
-0.331676600840352
-2.801744830179299
-1.050708738580754
-1.3218752310037671
-1.87071158171267
-0.7531171622753399
-0.20054112130050367
-0.25454798337702045
0.09625906928848249
-0.19458963977759614
0.6986650946573181
