-1.3606525906514286
0.9028925759209063
0.2753413429583387
-1.6498277617289108
0.47509258128732923
-0.9110999387102199
-1.0508431613127687
-2.6888638041214947
-1.6210728565791193
-0.33023816696143227
0.19341642616309906
-0.63453602406844
-1.0240545624989161
-1.0723029757354727
-0.9261677445183937
0.733886699592474
-0.3567086928287456
-0.8757320319100754
0.5119971430733401
-1.903881507770587
-0.834532557488698
-0.7796264037505694
-0.12545498407062639
-1.5984825655538717
-1.5739799888962147
-2.0139658692374196
0.7330138133687838
-0.20991679343521008
-0.6236956422500187
-1.7920914975013253
-1.2749150839245171
0.8592876711213528
-2.3771361361225156
-0.011948020349018429
-2.1467037764113606
-0.6041328349389241
-2.295386157793431
1.7542773848189168
-0.20468907576743212
-1.37443446253916
-1.124572508451155
-1.0521515433637323
-1.5063778448995744
-0.9139552720461827
0.5222706465650389
-0.7643411741046467
-1.9321338023953527
-1.9433759732427454
-0.8590168813118618
-1.2484626236482461
0.23908818454694614
0.7448843033369905
-0.6497944882613955
-0.4684737500295467
-1.6631894534442662
-1.3361670831318544
-1.4228827341976933
-1.9484292579094253
-1.5335953437421377
-0.26313111072874606
-1.9790869458109874
-0.7404393065639177
-1.6941684406458966
-0.3439978362551096
-0.8080857186327691
-1.268711314136571
-0.4675514279095223
-2.071975724870873
-1.0014123381937161
-2.852357120723198
-0.14665274238733683
-0.4825401665193152
0.3197303852818274
-0.7344105930560276
-0.6362882575560719
-0.2320426654265363
-1.9843233845230182
0.19321702422729592
-1.1623067059139114
-2.051775748550633
-2.306379791481577
-1.1594142669691576
1.5613476449763217
-0.3344834982379866
-1.0683232826333224
-1.367965187684454
-0.2727026910802516
-0.5311456417896185
-1.0424243182581479
-0.6945656606760737
0.9856463059142448
-0.16135263122796406
0.16183802555717208
-0.8972666843314505
0.7295350540477763
-0.7820847430990692
-0.2666923309490532
-1.9524446102457849
-0.26837875792098276
0.8000547607033501
